[gd_scene format=3 uid="uid://dk7ntspwc4iau"]

[ext_resource type="PackedScene" uid="uid://d2vn3aklwuy2r" path="res://Enemies/Shooter/shooterBot.glb" id="1_4v4da"]
[ext_resource type="Script" uid="uid://dgd7scixqdth2" path="res://Enemies/Shooter/shooter_botMod.gd" id="2_mc4su"]

[sub_resource type="Curve" id="Curve_mc4su"]
_data = [Vector2(0, 1), 0.0, 0.0, 0, 0, Vector2(1, 0), -1.7314893, 0.0, 0, 0]
point_count = 2

[sub_resource type="CurveTexture" id="CurveTexture_i753c"]
curve = SubResource("Curve_mc4su")

[sub_resource type="ParticleProcessMaterial" id="ParticleProcessMaterial_qy0nu"]
particle_flag_align_y = true
direction = Vector3(0, 1, 0)
spread = 10.0
initial_velocity_min = 25.0
initial_velocity_max = 35.0
gravity = Vector3(0, 0, 0)
scale_min = 0.5
scale_curve = SubResource("CurveTexture_i753c")

[sub_resource type="StandardMaterial3D" id="StandardMaterial3D_rj0hd"]
emission_enabled = true
emission = Color(1, 0.5833334, 0, 1)
emission_energy_multiplier = 3.0

[sub_resource type="CapsuleMesh" id="CapsuleMesh_rigru"]
material = SubResource("StandardMaterial3D_rj0hd")
radius = 0.01
height = 0.2
radial_segments = 4
rings = 0

[node name="shooterBot" unique_id=1414694198 instance=ExtResource("1_4v4da")]
script = ExtResource("2_mc4su")
shot = true

[node name="ShooterArmature" parent="." index="0" unique_id=657118288]
transform = Transform3D(0.1, 0, 0, 0, 0.1, 0, 0, 0, 0.1, 0, 0, 0)

[node name="Skeleton3D" parent="ShooterArmature" index="0" unique_id=1386596297]
bones/0/position = Vector3(0, 5.8657274, 2.1175824e-22)
bones/0/rotation = Quaternion(-0.1183534, 1.3805066e-30, 1.8128488e-31, 0.99297154)
bones/2/rotation = Quaternion(0.043247864, 0.03828316, 0.627392, 0.77655864)
bones/4/rotation = Quaternion(0.5904359, 0.006561934, -0.8063965, 0.032665398)
bones/6/rotation = Quaternion(-1.13856146e-07, -8.17285e-08, -0.7392597, 0.6734204)
bones/7/rotation = Quaternion(-0.0837216, 0.0995131, -0.56765795, 0.81292826)
bones/7/scale = Vector3(1, 1, 0.9999999)
bones/8/rotation = Quaternion(0.7917311, -0.0403553, 0.6094639, 0.009339788)

[node name="arm_l_001" parent="ShooterArmature/Skeleton3D" index="0" unique_id=1968850303]
transform = Transform3D(-0.9930025, -0.117789544, 0.008470927, 0.11345397, -0.9316226, 0.34526452, -0.03277684, 0.34380966, 0.93846697, -1.3872395, 7.6834292, -0.38239637)

[node name="arm_l" parent="ShooterArmature/Skeleton3D" index="1" unique_id=1583715236]
transform = Transform3D(-0.9930024, -0.1177898, 0.008471382, 0.11345438, -0.93162245, 0.3452645, -0.032776505, 0.34380963, 0.938467, -1.1023707, 8.11635, -0.5442406)

[node name="leg_l" parent="ShooterArmature/Skeleton3D" index="2" unique_id=285760791]
transform = Transform3D(-0.30063665, 0.06043131, -0.9518216, -0.26759565, -0.96324766, 0.023364387, -0.9154288, 0.26172763, 0.30575874, -0.8052337, 4.847285, 0.24627745)

[node name="sidePanel_l" parent="ShooterArmature/Skeleton3D" index="3" unique_id=2040943004]
transform = Transform3D(1, 3.9704666e-23, -1.571643e-22, -1.6519505e-24, 0.97198486, 0.23504308, 1.6209365e-22, -0.23504308, 0.97198486, -0.7430605, 6.078397, -0.051427256)

[node name="arm_r" parent="ShooterArmature/Skeleton3D" index="4" unique_id=777771297]
transform = Transform3D(-0.9667457, 0.2557382, -0.00084881444, -0.25564787, -0.9664827, -0.023565575, -0.006846957, -0.022564903, 0.9997217, 1.1023709, 8.11635, -0.54424065)

[node name="ShootParticle" type="GPUParticles3D" parent="ShooterArmature/Skeleton3D/arm_r" index="1" unique_id=1511154824]
transform = Transform3D(1, 2.0679491e-25, -3.725289e-09, 0, 1, 5.5511105e-17, 3.725289e-09, -5.5511105e-17, 1, -0.20080024, 5.141733, 0.0040016174)
emitting = false
amount = 12
lifetime = 0.25
one_shot = true
explosiveness = 1.0
process_material = SubResource("ParticleProcessMaterial_qy0nu")
draw_pass_1 = SubResource("CapsuleMesh_rigru")

[node name="MuzzleFlash" type="OmniLight3D" parent="ShooterArmature/Skeleton3D/arm_r" index="2" unique_id=1617963901]
transform = Transform3D(1, 4.2351635e-25, 2.980232e-09, 0, 1, -1.4210852e-16, -2.980232e-09, 1.4210852e-16, 1, -0.20080048, 5.3143797, 0.0032014847)
light_color = Color(1, 0.48333335, 0, 1)
light_energy = 2.0

[node name="ShootPoint" type="Marker3D" parent="ShooterArmature/Skeleton3D/arm_r" index="3" unique_id=1156293860]
transform = Transform3D(1, 0, -3.725289e-09, 0, 1, 0, 3.725289e-09, 0, 1, -0.20080072, 5.334256, 0.00493145)

[node name="leg_r_001" parent="ShooterArmature/Skeleton3D" index="5" unique_id=1148879113]
transform = Transform3D(0.25385085, -0.07528554, 0.9643084, 0.17596355, -0.976735, -0.12257737, 0.9511028, 0.20079961, -0.23469731, 1.010131, 4.4977202, 0.2562634)

[node name="leg_r" parent="ShooterArmature/Skeleton3D" index="6" unique_id=132037044]
transform = Transform3D(0.25385064, -0.07528559, 0.96430844, 0.17596325, -0.97673506, -0.1225773, 0.9511029, 0.20079927, -0.23469715, 0.8052337, 4.8472853, 0.24627745)

[node name="sidePanel_r" parent="ShooterArmature/Skeleton3D" index="7" unique_id=732825175]
transform = Transform3D(1, 3.9704666e-23, -1.571643e-22, -1.6519505e-24, 0.97198486, 0.23504308, 1.6209365e-22, -0.23504308, 0.97198486, 0.7430605, 6.078397, -0.05142726)

[node name="body_2" parent="ShooterArmature/Skeleton3D" index="8" unique_id=1320074484]
transform = Transform3D(1, -6.8679677e-31, 2.6986962e-30, 3.3246154e-32, 0.9719849, 0.23504311, -2.784519e-30, -0.23504311, 0.9719849, 0, 5.8657274, 2.1175824e-22)
