[gd_scene format=3 uid="uid://d2ljx50puyksu"]

[ext_resource type="PackedScene" uid="uid://3lkrsu3ofjh3" path="res://Enemies/Shooter/shooterEnemy.glb" id="1_igjq5"]
[ext_resource type="Script" uid="uid://dgd7scixqdth2" path="res://Enemies/Shooter/shooter_botMod.gd" id="2_mc4su"]
[ext_resource type="PackedScene" uid="uid://h8nfngcoc7cq" path="res://Player/bullet.tscn" id="3_6ptyu"]

[sub_resource type="ParticleProcessMaterial" id="ParticleProcessMaterial_ohfo8"]

[sub_resource type="BoxMesh" id="BoxMesh_6ptyu"]

[sub_resource type="SphereShape3D" id="SphereShape3D_6ptyu"]
radius = 2.0

[sub_resource type="StandardMaterial3D" id="StandardMaterial3D_6ptyu"]
emission_enabled = true
emission = Color(1, 1, 1, 1)
emission_energy_multiplier = 3.0

[sub_resource type="SphereMesh" id="SphereMesh_oy1io"]
material = SubResource("StandardMaterial3D_6ptyu")
radius = 0.25
height = 0.5
radial_segments = 12
rings = 6

[sub_resource type="CylinderMesh" id="CylinderMesh_q2ig4"]
top_radius = 0.1
bottom_radius = 0.1
height = 1.0

[node name="shooterEnemy" unique_id=1863729314 instance=ExtResource("1_igjq5")]
script = ExtResource("2_mc4su")
shot = true
projectileInst = ExtResource("3_6ptyu")

[node name="Skeleton3D" parent="ShooterArmature" parent_id_path=PackedInt32Array(1576278487) index="0" unique_id=1676112632]
bones/4/rotation = Quaternion(-0.70678866, -0.02120228, 0.706789, -0.021202313)
bones/6/rotation = Quaternion(-1.198819e-08, -1.9372703e-08, -0.7392597, 0.6734204)
bones/7/scale = Vector3(0.9999999, 0.9999998, 1)
bones/8/rotation = Quaternion(0.70678866, -0.02120228, 0.706789, 0.021202313)

[node name="leg_l" parent="ShooterArmature/Skeleton3D" index="2" unique_id=900470731]
transform = Transform3D(-4.7683864e-07, 0.05994217, -0.9982018, -6.146748e-08, -0.9982016, -0.059942182, -1.0000031, 3.166496e-08, 4.7683713e-07, -0.8052337, 4.549759, 8.5355225e-08)

[node name="arm_r" parent="ShooterArmature/Skeleton3D" index="4" unique_id=1427405275]
transform = Transform3D(-0.96690714, 0.25512815, -3.9376536e-07, -0.25512818, -0.9669071, 3.045988e-08, -3.7296334e-07, 1.2991251e-07, 1, 1.1023709, 7.9130497, 1.38360186e-08)

[node name="MuzzleFlash" type="OmniLight3D" parent="ShooterArmature/Skeleton3D/arm_r" index="1" unique_id=1006825484]
transform = Transform3D(1.0000002, -4.8452616e-14, -1.1368684e-13, -4.8452612e-14, 1.0000002, 1.4210855e-14, 1.4210855e-13, -4.2632564e-14, 1, -0.20576167, 5.1540956, -7.4632305e-07)
light_color = Color(1, 0.648, 0.36, 1)
omni_range = 8.0
omni_attenuation = -0.25

[node name="ShootParticle" type="GPUParticles3D" parent="ShooterArmature/Skeleton3D/arm_r" index="2" unique_id=1559705679]
transform = Transform3D(1.0000001, -4.8452622e-14, 0, -4.845262e-14, 1.0000001, -1.4210855e-14, 5.684342e-14, -1.4210855e-14, 1, -0.2827227, 5.326604, -7.974377e-07)
emitting = false
lifetime = 0.5
one_shot = true
process_material = SubResource("ParticleProcessMaterial_ohfo8")
draw_pass_1 = SubResource("BoxMesh_6ptyu")

[node name="ShootPoint" type="Marker3D" parent="ShooterArmature/Skeleton3D/arm_r" index="3" unique_id=6517313]
transform = Transform3D(1.0000002, -4.8452622e-14, 0, -4.845262e-14, 1.0000002, -2.842171e-14, 8.526513e-14, -2.842171e-14, 1, -0.15609694, 5.3019485, -7.470078e-07)

[node name="ConnectPoint" type="Marker3D" parent="ShooterArmature/Skeleton3D/arm_r" index="4" unique_id=2014496381]
transform = Transform3D(1.0000002, -4.8452622e-14, 0, -4.845262e-14, 1.0000002, -2.842171e-14, 8.526513e-14, -2.842171e-14, 1, -0.15609694, 5.3019485, -7.470078e-07)

[node name="ConnectArea" type="Area3D" parent="ShooterArmature/Skeleton3D/arm_r" index="5" unique_id=1932515033 groups=["outletEnemy"]]
transform = Transform3D(1.0000001, -4.8452622e-14, 0, -4.845262e-14, 1.0000001, -1.4210855e-14, 5.684342e-14, -1.4210855e-14, 1, -0.18035197, 5.3854175, -7.6689764e-07)
collision_layer = 4
collision_mask = 4

[node name="CollisionShape3D" type="CollisionShape3D" parent="ShooterArmature/Skeleton3D/arm_r/ConnectArea" index="0" unique_id=518225129]
shape = SubResource("SphereShape3D_6ptyu")

[node name="leg_r_001" parent="ShooterArmature/Skeleton3D" index="5" unique_id=1074769464]
transform = Transform3D(-5.724356e-07, -0.05994209, 0.9982018, 6.721411e-08, -0.9982016, -0.0599421, 1.0000031, 3.167101e-08, 5.7260695e-07, 1.0232333, 4.208065, 9.3981114e-08)

[node name="leg_r" parent="ShooterArmature/Skeleton3D" index="6" unique_id=1374096792]
transform = Transform3D(-4.7683864e-07, -0.05994217, 0.9982018, 6.146748e-08, -0.9982016, -0.059942182, 1.0000031, 3.166496e-08, 4.7683713e-07, 0.8052337, 4.549759, 8.5355225e-08)

[node name="body" parent="ShooterArmature/Skeleton3D/body_2" parent_id_path=PackedInt32Array(257199315) index="0" unique_id=563770550]
transform = Transform3D(1, 1.9387046e-27, 0, -3.2311743e-27, 0.6, 0, 0, 0, 1, 0, 1.46, 0)

[node name="Eye" type="MeshInstance3D" parent="ShooterArmature/Skeleton3D/body_2" parent_id_path=PackedInt32Array(257199315) index="1" unique_id=1864483143]
transform = Transform3D(1, 0, 0, 0, 1, 0, 0, 0, 1, 0, 3.7897277, 0)
mesh = SubResource("SphereMesh_oy1io")

[node name="Stem" type="MeshInstance3D" parent="ShooterArmature/Skeleton3D/body_2" parent_id_path=PackedInt32Array(257199315) index="2" unique_id=1887609578]
transform = Transform3D(1, 0, 0, 0, 1, 0, 0, 0, 1, 0, 3.1483302, 0)
mesh = SubResource("CylinderMesh_q2ig4")
