[gd_scene format=3 uid="uid://deylxh1cxgy08"]

[ext_resource type="PackedScene" uid="uid://dckfnquaidfil" path="res://UI/player_ui.tscn" id="1_3f78f"]
[ext_resource type="PackedScene" uid="uid://cqrenk8ue8j8v" path="res://Player/player.tscn" id="1_62w18"]
[ext_resource type="Script" uid="uid://bevf68wrkg7sv" path="res://World/world.gd" id="1_k8do8"]
[ext_resource type="PackedScene" uid="uid://bxgwgbkpugt5j" path="res://Player/outlet.tscn" id="2_8a836"]

[sub_resource type="Environment" id="Environment_62w18"]
background_mode = 1
background_color = Color(0.6006, 0.66, 0.66, 1)
glow_enabled = true
fog_light_color = Color(0, 0, 0, 1)
volumetric_fog_enabled = true
volumetric_fog_albedo = Color(0.24299997, 0.40514997, 0.45, 1)
volumetric_fog_length = 86.0

[node name="World" type="Node" unique_id=1407900701]
script = ExtResource("1_k8do8")

[node name="PlayerUI" parent="." unique_id=1726899109 instance=ExtResource("1_3f78f")]

[node name="SubViewportContainer" type="SubViewportContainer" parent="." unique_id=2142449811]
anchors_preset = 15
anchor_right = 1.0
anchor_bottom = 1.0
grow_horizontal = 2
grow_vertical = 2
mouse_filter = 2
stretch = true
stretch_shrink = 4

[node name="SubViewport" type="SubViewport" parent="SubViewportContainer" unique_id=720159766]
handle_input_locally = false
audio_listener_enable_3d = true
size = Vector2i(320, 215)
size_2d_override_stretch = true
render_target_update_mode = 4

[node name="CSGBox3D" type="CSGBox3D" parent="SubViewportContainer/SubViewport" unique_id=1888907580]
transform = Transform3D(1, 0, 0, 0, 1, 0, 0, 0, 1, -9.136589, -3.163, -98.35701)
use_collision = true
size = Vector3(38.63057, 5.0889893, 219.60583)

[node name="CSGBox3D8" type="CSGBox3D" parent="SubViewportContainer/SubViewport" unique_id=1085338314]
transform = Transform3D(1, 0, 0, 0, 1, 0, 0, 0, 1, 78.558334, 18.124975, -98.35701)
use_collision = true
size = Vector3(38.63057, 5.0889893, 219.60583)

[node name="CSGBox3D6" type="CSGBox3D" parent="SubViewportContainer/SubViewport" unique_id=1872830636]
transform = Transform3D(1, 0, 0, 0, 1, 0, 0, 0, 1, 14.424938, 10.274113, -98.35701)
use_collision = true
size = Vector3(13.911476, 32, 219.60583)

[node name="CSGBox3D7" type="CSGBox3D" parent="SubViewportContainer/SubViewport" unique_id=956515152]
transform = Transform3D(1, 0, 0, 0, 1, 0, 0, 0, 1, -31.490223, 10.566074, -98.35701)
use_collision = true
size = Vector3(13.911476, 32.583923, 219.60583)

[node name="CSGBox3D2" type="CSGBox3D" parent="SubViewportContainer/SubViewport" unique_id=875566208]
transform = Transform3D(0.29964027, 0, -0.9540523, 0, 1, 0, 0.9540523, 0, 0.29964027, 3.671226, 2.4992502, -48.092133)
use_collision = true
size = Vector3(8.831219, 7.5484314, 17.591831)

[node name="CSGBox3D5" type="CSGBox3D" parent="SubViewportContainer/SubViewport" unique_id=276809882]
transform = Transform3D(0.85919213, 0, -0.51165307, 0, 1, 0, 0.51165307, 0, 0.85919213, -26.949791, 1.5899942, -35.579586)
use_collision = true
size = Vector3(20.473919, 5.7299194, 6.6466236)

[node name="Player" parent="SubViewportContainer/SubViewport" unique_id=2050322541 node_paths=PackedStringArray("playerUI") instance=ExtResource("1_62w18")]
transform = Transform3D(1, 0, 0, 0, 1, 0, 0, 0, 1, -7.9193344, 1.5280628, -2.4022925)
playerUI = NodePath("../../../PlayerUI")

[node name="WorldEnvironment" type="WorldEnvironment" parent="SubViewportContainer/SubViewport" unique_id=893196715]
environment = SubResource("Environment_62w18")

[node name="DirectionalLight3D" type="DirectionalLight3D" parent="SubViewportContainer/SubViewport" unique_id=2015343277]
transform = Transform3D(0.9153607, 0.12700464, 0.3820794, -0.40263486, 0.2887357, 0.86862934, 0, -0.9489476, 0.31543377, 0, 7.3581166, 0)
shadow_enabled = true

[node name="CSGBox3D3" type="CSGBox3D" parent="SubViewportContainer/SubViewport" unique_id=55394382]
transform = Transform3D(0.018534422, 0, 0.9998282, 0, 1, 0, -0.9998282, 0, 0.018534422, -13.847928, 1.3077011, -85.65367)
use_collision = true
size = Vector3(8.309418, 6.057556, 11.516392)

[node name="Outlet" parent="SubViewportContainer/SubViewport" unique_id=1025239552 instance=ExtResource("2_8a836")]
transform = Transform3D(0.7857922, 0, 0.61849064, 0, 1, 0, -0.61849064, 0, 0.7857922, -4.8091483, 4.0179935, -45.29271)

[node name="CSGBox3D4" type="CSGBox3D" parent="SubViewportContainer/SubViewport" unique_id=154857403]
transform = Transform3D(0.3969877, 0, -0.9178239, 0, 1, 0, 0.9178239, 0, 0.3969877, -15.816255, 0.67638874, -15.914407)
use_collision = true
size = Vector3(1.5280151, 2.7254639, 2.0904007)

[node name="Outlet2" parent="SubViewportContainer/SubViewport" unique_id=52175655 instance=ExtResource("2_8a836")]
transform = Transform3D(0.3969877, 0, -0.9178239, 0, 1, 0, 0.9178239, 0, 0.3969877, -15.544044, 0.8243972, -15.222859)

[node name="Outlet3" parent="SubViewportContainer/SubViewport" unique_id=566815727 instance=ExtResource("2_8a836")]
transform = Transform3D(-0.64685625, 0, -0.76261187, 0, 1, 0, 0.76261187, 0, -0.64685625, -7.947236, 1.1420511, -85.423836)
