[gd_scene format=3 uid="uid://cfa75b7bjfkfv"]

[ext_resource type="Script" uid="uid://bevf68wrkg7sv" path="res://World/world.gd" id="1_wm0ah"]
[ext_resource type="PackedScene" uid="uid://dckfnquaidfil" path="res://UI/Gameplay/player_ui.tscn" id="2_3fxl2"]
[ext_resource type="PackedScene" uid="uid://cqrenk8ue8j8v" path="res://Player/player.tscn" id="3_8wmop"]
[ext_resource type="PackedScene" uid="uid://bxgwgbkpugt5j" path="res://World/Outlet/outlet.tscn" id="4_2d5hj"]
[ext_resource type="PackedScene" uid="uid://bcosaodb7abtl" path="res://World/GridMap/terminal_1.tscn" id="5_ry05d"]
[ext_resource type="PackedScene" uid="uid://c1q5hgb0q01xm" path="res://Enemies/Small Interactions/Pull Object.tscn" id="6_0qhf1"]
[ext_resource type="PackedScene" uid="uid://cp6w0v6cwhcvu" path="res://Enemies/Small Interactions/Ceiling Pull Object.tscn" id="6_wm0ah"]
[ext_resource type="PackedScene" uid="uid://dh7n4cq2bm8xk" path="res://Enemies/Small Interactions/Prop Tank.tscn" id="8_8wmop"]
[ext_resource type="PackedScene" uid="uid://b5k3ptjmhedue" path="res://Enemies/Small Interactions/Moving Platform/Moving Platform Enemy.tscn" id="9_2d5hj"]
[ext_resource type="PackedScene" uid="uid://nkr2g2w4vnro" path="res://Enemies/World_Enemy/Outlet/outlet.tscn" id="10_ry05d"]

[sub_resource type="Environment" id="Environment_wfacm"]
background_mode = 1
background_color = Color(0.82234526, 0.64344853, 0.5297693, 1)
background_energy_multiplier = 0.5
tonemap_mode = 3
glow_enabled = true
glow_normalized = true
glow_strength = 1.5
fog_enabled = true
fog_light_color = Color(0, 0, 0, 1)
volumetric_fog_enabled = true
volumetric_fog_density = 0.002
volumetric_fog_albedo = Color(0.1596, 0.29184, 0.38, 1)
volumetric_fog_emission = Color(0.008399991, 0.14560005, 0.42, 1)
volumetric_fog_length = 86.0

[sub_resource type="Gradient" id="Gradient_8uvkv"]
offsets = PackedFloat32Array(0.2, 1)
colors = PackedColorArray(1, 1, 1, 1, 0, 0, 0, 1)

[sub_resource type="FastNoiseLite" id="FastNoiseLite_jh1ew"]
noise_type = 2
frequency = 0.03
cellular_jitter = 3.0
cellular_return_type = 0
domain_warp_enabled = true
domain_warp_type = 1
domain_warp_amplitude = 50.0
domain_warp_fractal_type = 2
domain_warp_fractal_lacunarity = 1.5
domain_warp_fractal_gain = 1.0

[sub_resource type="NoiseTexture2D" id="NoiseTexture2D_eirg7"]
noise = SubResource("FastNoiseLite_jh1ew")
color_ramp = SubResource("Gradient_8uvkv")
seamless = true

[sub_resource type="Terrain3DMaterial" id="Terrain3DMaterial_va8ct"]
_shader_parameters = {
&"bias_distance": 512.0,
&"blend_sharpness": 0.87,
&"depth_blur": 0.0,
&"enable_macro_variation": true,
&"enable_projection": true,
&"height_blending": true,
&"macro_variation1": Color(1, 1, 1, 1),
&"macro_variation2": Color(1, 1, 1, 1),
&"macro_variation_slope": 0.333,
&"mipmap_bias": 1.0,
&"noise1_angle": 0.0,
&"noise1_offset": Vector2(0.5, 0.5),
&"noise1_scale": 0.04,
&"noise2_scale": 0.076,
&"noise3_scale": 0.225,
&"noise_texture": SubResource("NoiseTexture2D_eirg7"),
&"projection_angular_division": 2.0,
&"projection_threshold": 0.8,
&"world_space_normal_blend": true
}
show_checkered = true

[sub_resource type="StandardMaterial3D" id="StandardMaterial3D_wfacm"]
transparency = 4
cull_mode = 2
vertex_color_use_as_albedo = true
backlight_enabled = true
backlight = Color(0.5, 0.5, 0.5, 1)
distance_fade_mode = 1
distance_fade_min_distance = 128.0
distance_fade_max_distance = 96.0

[sub_resource type="Terrain3DMeshAsset" id="Terrain3DMeshAsset_oab11"]
generated_type = 1
height_offset = 0.5
material_override = SubResource("StandardMaterial3D_wfacm")
last_lod = 0
last_shadow_lod = 0
lod0_range = 128.0

[sub_resource type="Terrain3DAssets" id="Terrain3DAssets_nhhll"]
mesh_list = Array[Terrain3DMeshAsset]([SubResource("Terrain3DMeshAsset_oab11")])

[node name="JunkHole" type="Node" unique_id=119924058]
script = ExtResource("1_wm0ah")

[node name="PlayerUI" parent="." unique_id=883918654 instance=ExtResource("2_3fxl2")]

[node name="SubViewportContainer" type="SubViewportContainer" parent="." unique_id=571855996]
anchors_preset = 15
anchor_right = 1.0
anchor_bottom = 1.0
grow_horizontal = 2
grow_vertical = 2
mouse_filter = 2
stretch = true
stretch_shrink = 2

[node name="SubViewport" type="SubViewport" parent="SubViewportContainer" unique_id=579594435]
handle_input_locally = false
audio_listener_enable_3d = true
size = Vector2i(960, 540)
size_2d_override_stretch = true
render_target_update_mode = 4

[node name="WorldEnvironment" type="WorldEnvironment" parent="SubViewportContainer/SubViewport" unique_id=929510182]
environment = SubResource("Environment_wfacm")

[node name="DirectionalLight3D" type="DirectionalLight3D" parent="SubViewportContainer/SubViewport" unique_id=2020955228]
transform = Transform3D(1, 0, 0, 0, -0.08425183, 0.9964445, 0, -0.9964445, -0.08425183, 0, 24.74411, 0)

[node name="Terrain3D" type="Terrain3D" parent="SubViewportContainer/SubViewport" unique_id=2036573122]
data_directory = "res://World/JunkHole/TerrainData"
material = SubResource("Terrain3DMaterial_va8ct")
assets = SubResource("Terrain3DAssets_nhhll")
show_checkered = true
top_level = true
metadata/_edit_lock_ = true

[node name="Player" parent="SubViewportContainer/SubViewport" unique_id=1517765959 node_paths=PackedStringArray("playerUI") instance=ExtResource("3_8wmop")]
transform = Transform3D(1, 0, 0, 0, 1, 0, 0, 0, 1, -1.9073486e-06, 7.502901, 5.6798935)
playerUI = NodePath("../../../PlayerUI")

[node name="Outlet" parent="SubViewportContainer/SubViewport" unique_id=220038749 instance=ExtResource("4_2d5hj")]
transform = Transform3D(1, 0, 0, 0, 1, 0, 0, 0, 1, 2.5177398, 3.7913127, 26.019375)

[node name="Outlet2" parent="SubViewportContainer/SubViewport" unique_id=254939207 instance=ExtResource("4_2d5hj")]
transform = Transform3D(-0.34953704, 0, -0.93692255, 0, 1, 0, 0.93692255, 0, -0.34953704, 3.3213496, 6.4774685, -2.8018246)

[node name="Outlet3" parent="SubViewportContainer/SubViewport" unique_id=2002013981 instance=ExtResource("4_2d5hj")]
transform = Transform3D(-0.7092879, 0, -0.704919, 0, 1, 0, 0.704919, 0, -0.7092879, 10.409118, 5.3357677, -59.846558)

[node name="Outlet8" parent="SubViewportContainer/SubViewport" unique_id=1084496116 instance=ExtResource("4_2d5hj")]
transform = Transform3D(0.13690856, 0, -0.99058366, -0.98727834, -0.08162534, -0.13645174, -0.0808568, 0.996663, -0.011175215, -1.0355558, 15.521633, -67.44659)

[node name="Outlet9" parent="SubViewportContainer/SubViewport" unique_id=159378798 instance=ExtResource("4_2d5hj")]
transform = Transform3D(0.13690856, 0, -0.99058366, -0.98727834, -0.08162534, -0.13645174, -0.0808568, 0.996663, -0.011175215, -1.0355558, 15.521633, -77.98727)

[node name="Outlet4" parent="SubViewportContainer/SubViewport" unique_id=96767948 instance=ExtResource("4_2d5hj")]
transform = Transform3D(-0.32102627, 0, -0.94707036, 0, 1, 0, 0.94707036, 0, -0.32102627, 3.2624483, 4.262751, -100.62719)

[node name="Outlet5" parent="SubViewportContainer/SubViewport" unique_id=1283008640 instance=ExtResource("4_2d5hj")]
transform = Transform3D(-0.67995346, 0, 0.7332554, 0, 1, 0, -0.7332554, 0, -0.67995346, 36.19059, 8.917342, -82.30878)

[node name="Outlet6" parent="SubViewportContainer/SubViewport" unique_id=320886439 instance=ExtResource("4_2d5hj")]
transform = Transform3D(0.042468548, 0, -0.99909794, 0, 1, 0, 0.99909794, 0, 0.042468548, 67.14669, 17.298252, -100.600464)

[node name="Outlet7" parent="SubViewportContainer/SubViewport" unique_id=1817942794 instance=ExtResource("4_2d5hj")]
transform = Transform3D(0.1210912, 0.026580906, 0.9922855, -0.9717566, 0.20715217, 0.11303692, -0.20254949, -0.9779477, 0.05091448, -1.4046725, 23.51984, -56.12144)

[node name="CSGBox3D" type="CSGBox3D" parent="SubViewportContainer/SubViewport" unique_id=1104496788]
transform = Transform3D(1, 0, 0, 0, 1, 0, 0, 0, 1, 59.530045, 3.146284, 5.7039948)
use_collision = true
size = Vector3(10.729492, 7.4782715, 6.5375977)

[node name="CSGBox3D2" type="CSGBox3D" parent="SubViewportContainer/SubViewport/CSGBox3D" unique_id=1898884834]
transform = Transform3D(1, 0, 0, 0, 1, 0, 0, 0, 1, -0.1234436, -3.1676636, 1.9680786)
operation = 2
use_collision = true
size = Vector3(7.8447876, 2.3917236, 15.246704)

[node name="CSGBox3D12" type="CSGBox3D" parent="SubViewportContainer/SubViewport" unique_id=145286435]
transform = Transform3D(0.42913234, 0.2020675, -0.8803269, -0.4260111, 0.90468633, 2.0664178e-08, 0.7964522, 0.37502903, 0.4743244, 2.8781958, 17.674477, -91.78099)
use_collision = true
size = Vector3(7.2214594, 3.6559296, 14.378496)

[node name="terminal1" parent="SubViewportContainer/SubViewport" unique_id=526457845 instance=ExtResource("5_ry05d")]
transform = Transform3D(1, 0, 0, 0, 1, 0, 0, 0, 1, -0.19242764, 1.9477816, 11.122065)

[node name="CeilingPullObject" parent="SubViewportContainer/SubViewport" unique_id=1577106152 instance=ExtResource("6_wm0ah")]
transform = Transform3D(1, 0, 0, 0, 1, 0, 0, 0, 1, 3.8617587, 16.543379, 43.990314)
release_impulse = Vector3(0, 2, 0)

[node name="PullObject" parent="SubViewportContainer/SubViewport" unique_id=1603127869 instance=ExtResource("6_0qhf1")]
transform = Transform3D(1, 0, 0, 0, 1, 0, 0, 0, 1, -10.305807, 9.718537, -6.227066)

[node name="MovingPlatformEnemy" parent="SubViewportContainer/SubViewport" unique_id=1595337598 instance=ExtResource("9_2d5hj")]
transform = Transform3D(1, 0, 0, 0, 1, 0, 0, 0, 1, 11.813189, 6.9837093, 60.720734)

[node name="MovingPlatformEnemy2" parent="SubViewportContainer/SubViewport" unique_id=1468583928 instance=ExtResource("9_2d5hj")]
transform = Transform3D(1, 0, 0, 0, 1, 0, 0, 0, 1, 18.043005, 8.608106, 76.849846)

[node name="MovingPlatformEnemy3" parent="SubViewportContainer/SubViewport" unique_id=1922889591 instance=ExtResource("9_2d5hj")]
transform = Transform3D(1, 0, 0, 0, 1, 0, 0, 0, 1, 1.53086, 9.75734, 92.899826)

[node name="MovingPlatformEnemy4" parent="SubViewportContainer/SubViewport" unique_id=2132316369 instance=ExtResource("9_2d5hj")]
transform = Transform3D(1, 0, 0, 0, 1, 0, 0, 0, 1, 21.245394, 10.403042, 108.60976)

[node name="Outlet10" parent="SubViewportContainer/SubViewport" unique_id=299263442 instance=ExtResource("10_ry05d")]
transform = Transform3D(1, 0, 0, 0, 1, 0, 0, 0, 1, -16.933897, 10.551767, -5.5569344)

[node name="PropTank" parent="SubViewportContainer/SubViewport" unique_id=304644945 instance=ExtResource("8_8wmop")]
transform = Transform3D(1, 0, 0, 0, 1, 0, 0, 0, 1, -15.313344, 7.4045143, -2.0479412)
